time_hop: 0.032
landmark_count: 298
14,58177
14,59009
15,112257
15,164673
15,329345
15,330049
15,328787
15,329435
16,558338
16,557572
16,558278
16,557394
16,558100
16,559322
16,437714
16,434266
16,489028
16,490130
16,488850
16,490778
18,642306
18,643012
18,642128
18,640017
18,640082
18,642834
18,886979
18,887108
18,886532
18,887058
18,774083
18,770116
18,773137
18,773202
18,770066
20,590530
20,593742
20,591631
20,591696
20,590352
20,592606
21,766081
21,769102
21,769167
21,766031
22,638092
22,635981
22,636046
22,638798
22,635422
22,777165
22,777230
22,778190
22,776606
22,775454
34,397960
34,398992
34,398610
34,398676
34,578242
34,580496
34,578962
34,580114
34,578067
34,581587
34,580180
34,578583
35,704577
35,705537
35,707329
35,708049
35,707154
35,707670
36,712080
36,711185
36,711701
36,772560
36,771408
36,624846
36,623312
36,626513
36,625937
36,622933
42,439304
42,438922
42,438988
42,438299
50,45057
50,45571
50,48464
50,507522
50,505475
50,504899
50,507588
50,506899
50,97537
50,95553
50,98051
50,96848
51,45570
51,48463
51,45854
51,182722
51,181058
51,183006
51,180446
52,670849
52,670273
52,671365
52,669277
52,670110
52,480705
52,479298
52,482705
52,480542
52,860123
52,858845
53,610820
53,613661
53,576129
53,574532
53,577373
53,80717
53,78108
53,79644
53,236956
54,486735
54,484572
57,645913
66,1487
66,1364
66,25
69,440205
69,441242
79,854786
79,852166
79,853845
79,854364
81,98181
81,96842
81,95824
81,94548
81,96862
81,771524
81,772688
81,773722
81,771293
81,194949
81,192592
81,195412
82,562959
85,865935
85,866454
85,868121
85,1015809
85,1019849
85,1019850
85,1019215
86,1019848
86,1019849
86,1019214
86,88773
86,87755
86,86479
86,88793
91,1802
91,20
94,1011713
94,1015174
95,1015173
97,199428
97,676874
100,972938
101,117002
107,743043
143,245768
143,245777
151,245769
151,245975
151,247512
151,249117
160,245966
160,247503
160,249108
160,249496
171,862019
171,863877
171,863814
171,862536
171,864080
173,99847
173,101575
173,101513
173,100235
173,100883
174,259585
174,261190
174,261578
176,839617
176,837762
176,838019
176,838339
176,835787
177,833729
177,833986
177,834306
177,831754
178,712961
178,713281
178,715523
178,715715
179,731650
179,731842
179,730952
179,751810
179,752002
179,751112
180,196996
180,49090
180,48460
181,521217
181,634177
181,646273
182,44426
222,361558
222,360472
222,363803
234,846086
234,847753
234,844490
234,846799
237,49153
237,50371
237,52502
238,50370
238,52501
240,732225
240,731457
240,730755
240,729801
240,733014
240,731863
240,128518
241,669320
241,668437
241,671382
241,621251
241,620053
241,618902
243,836417
243,838726
243,837843
244,890561
244,891141
244,433090
244,432325
244,534227
246,363779
246,226627
249,777357
259,206
259,216
259,221
262,719745
273,12298
273,12303
279,995598
279,998991
283,12293
283,12757
283,13973
283,12315
283,12317
288,12752
288,13968
288,12310
288,12312
293,1015105
294,968833
294,843713
294,839745
295,625665
295,593409
296,559554
298,425601
298,424326
298,457857
298,228161
298,226694
298,227718
299,149893
299,151109
299,400133
304,44614
304,44616
304,121222
304,121224
310,12290
