time_hop: 0.032
landmark_count: 311
30,818371
30,858691
30,857924
31,650306
31,648962
31,649927
31,650515
31,650323
31,647187
31,650588
32,91266
32,90378
32,91025
32,93972
33,589445
33,585937
33,585745
33,586705
33,586010
33,506690
33,504709
33,505297
33,505105
33,505370
33,764177
34,975325
34,167048
34,167695
34,166546
38,561740
38,561548
38,562508
38,561813
42,107143
42,110090
49,150403
50,598089
50,585993
50,650569
63,1003529
63,1006027
72,1006018
74,903628
75,339397
75,336972
75,336404
75,338261
80,300679
80,301391
80,300111
80,301968
86,801627
87,409032
87,407448
87,407003
87,408412
87,406300
88,65670
88,66630
88,67463
88,69460
88,66391
88,65629
94,75521
94,77518
94,74449
94,77783
94,76698
94,136001
94,136578
94,137998
94,139025
94,136721
94,138263
95,188993
95,191440
95,189136
95,190678
95,372116
95,370004
96,227727
96,225423
96,226899
108,54275
108,53513
108,56524
111,122118
111,121033
111,122589
111,234948
111,528578
111,529859
111,528963
111,532035
111,531332
111,529369
113,723457
113,724318
113,541953
113,541057
113,544129
113,543426
113,541463
114,626198
114,623453
114,567617
114,565654
114,567005
114,503105
114,501142
115,328276
115,457364
117,72643
117,70103
120,1556
136,591175
137,1023198
137,867422
137,865886
140,100880
143,676696
156,29
167,806812
167,967381
167,967382
167,731867
167,730140
181,238657
181,237569
181,240285
182,308371
182,240284
185,1287
185,1433
185,985
186,451784
186,453583
186,453725
188,1011713
189,1015198
192,82066
192,85714
192,82962
201,381070
210,148615
215,392726
219,971592
219,970889
219,971543
227,1027393
227,1028047
228,979598
228,837910
229,626513
229,624149
229,625814
237,358670
242,1023125
246,612036
246,613701
246,612552
250,722714
251,244177
251,245268
251,568195
251,162765
251,163537
251,160532
261,1
261,1411
261,23
262,1410
262,22
264,90884
264,91975
264,92820
264,90969
268,140355
268,139349
271,211986
271,209939
276,835606
284,16
290,276240
290,275996
290,275228
294,498818
294,496644
294,498060
294,495826
294,496536
294,497816
296,440194
296,441610
296,439376
296,440086
296,441366
296,440598
298,564430
298,562638
298,565140
300,24
306,390982
306,392972
306,392204
312,508614
312,657862
376,356929
376,358785
376,357442
376,357961
376,359510
377,393729
377,394248
377,395797
377,570305
377,570881
377,571720
377,571092
377,571285
377,570902
377,252359
377,250581
378,426503
378,631571
378,631764
378,631381
378,632283
378,667859
378,668052
378,667669
378,668571
378,995658
378,995660
379,74885
379,76696
379,76701
388,1015810
390,1019038
390,1015838
397,680129
397,683842
397,680648
398,695937
398,692743
399,668550
403,5
403,14
403,1174
403,1495
403,1879
403,25
405,726735
405,728412
408,9
408,1169
408,1490
408,1874
408,20
417,1160
417,1481
417,1865
417,11
420,959318
420,959452
420,1019862
420,1015900
420,838229
420,838234
425,74049
425,74433
425,76675
425,75540
425,74716
426,96834
426,95699
426,94875
426,121026
426,119891
426,119067
433,683976
433,680904
433,680909
433,681885
433,398665
441,676869
441,741381
441,742357
442,1011846
442,485786
442,486170
442,483675
442,484379
445,191688
445,189640
445,189333
445,191895
446,742352
446,741402
446,745178
453,136909
453,135375
453,270029
453,267215
453,268495
453,267983
462,805962
462,805642
466,247042
466,248322
468,403009
