time_hop: 0.032
landmark_count: 570
6,256388
6,256524
6,256339
6,256470
6,254042
7,503688
7,503689
7,500362
7,500810
7,502033
7,499987
7,502035
7,501075
7,502295
7,503384
9,86977
9,89734
9,89737
9,87113
9,89804
9,86928
9,87059
9,88796
9,88797
9,88798
10,150213
10,150216
10,147592
10,150283
10,151503
10,147538
10,149206
10,639687
10,641543
10,641991
10,640265
10,639306
10,639565
10,639887
10,641168
10,642256
10,639185
10,639633
10,639954
10,640283
15,491521
15,492290
15,492738
15,493961
15,491915
15,493963
15,493003
15,494223
15,495312
15,492251
15,61443
15,62915
15,61510
15,62730
15,62861
15,64598
15,64599
15,64600
16,492289
16,492737
16,493960
16,491914
16,493962
16,493002
16,494222
16,495311
16,492250
17,684610
17,687747
17,688006
17,684232
17,686601
17,687626
17,688074
17,685962
17,684299
17,684628
17,542531
17,544393
17,541385
17,542410
17,543694
17,544729
17,570755
17,571014
17,572617
17,569609
17,570634
17,571082
17,571918
17,572953
18,61507
18,62727
18,62858
18,64595
18,64596
18,64597
18,158339
18,159559
18,159690
18,157262
19,724033
19,724292
19,724614
19,723912
19,724360
19,722248
19,724681
19,722826
19,720914
20,659715
20,660037
20,662406
20,663431
20,659783
20,660104
20,660433
20,661654
21,66756
21,66887
21,68624
21,68625
21,68626
23,676162
23,678531
23,679556
23,675908
23,676229
23,676558
24,385026
24,385286
24,386375
25,143491
25,145159
25,698689
25,699714
25,700162
25,698050
25,696387
25,696716
26,518404
26,519493
26,516432
26,516126
26,385284
26,386373
26,586753
26,587201
26,587522
26,588037
26,589072
26,588766
27,652033
27,652362
27,653583
27,680257
27,680586
27,809345
27,807490
27,809674
28,700745
28,153220
29,845960
30,402497
30,403226
31,472075
31,471769
37,723478
37,1
37,2
37,1494
37,1623
38,1
38,1493
38,1622
39,1492
39,1621
42,540366
42,537937
56,517763
56,520147
56,519252
59,624976
59,623134
59,94337
59,95112
59,95326
60,103175
60,103389
63,231235
63,232260
63,232474
63,233246
66,349834
66,348299
67,151766
67,152538
75,515201
75,513498
75,514523
76,851983
76,855890
76,853909
76,854553
76,854302
76,457217
76,458074
77,357209
77,358811
89,164612
89,165199
89,658700
89,656908
89,656657
90,983554
90,987015
90,983048
91,855875
91,853894
91,854538
91,854287
92,1019269
92,1019398
93,213579
93,214748
93,216350
93,213598
94,842439
94,842188
97,974977
101,608839
101,608592
101,609114
101,609819
101,757509
102,411206
102,410438
102,410959
102,412371
102,409688
102,411481
104,251025
104,252627
104,249875
106,740250
108,30
108,515849
108,514578
108,512275
108,512980
108,463369
108,466194
108,463891
108,464596
117,498441
117,496138
117,496843
117,496541
121,326530
121,324997
121,326414
123,165068
123,253836
126,415489
127,529089
127,528787
128,574852
128,577234
132,665934
135,245271
135,245405
138,1015838
158,209030
158,209288
164,217346
232,1022493
232,1023837
232,608965
232,610253
232,607693
232,609553
233,66817
233,65809
233,65810
233,66967
233,349441
233,349975
233,352092
233,349276
234,148545
234,150544
234,150545
234,147606
234,431491
234,430614
234,432731
234,434011
235,220245
235,218970
236,835081
236,832921
237,521480
237,520780
237,523411
237,522712
245,800656
245,801177
245,799065
245,605508
245,603545
245,605852
245,704409
245,702297
245,702620
249,559687
249,557400
249,559449
250,81921
250,83078
250,84759
251,83077
251,84758
256,157403
256,466245
256,465614
256,464657
256,466706
261,336521
261,339657
261,337613
261,338902
261,339926
261,421257
261,420297
261,418253
261,420566
261,924105
261,923798
270,694531
270,693901
270,692558
270,377924
270,379213
270,380237
270,318733
270,315661
270,822989
270,821646
273,581532
273,579037
274,448777
274,448411
283,801473
283,799571
283,802644
283,798935
283,801623
283,799640
283,268430
284,716178
284,713875
284,714262
284,712854
297,146446
301,570945
301,569486
301,572494
302,855041
302,855428
302,852037
302,852181
302,856022
302,854678
302,854424
302,673537
302,672516
302,674381
302,673174
302,672920
303,786819
303,789507
303,787524
303,787668
303,787413
303,790165
303,789911
304,1223
304,25
306,811713
306,811857
306,811602
306,814354
306,814100
306,721554
306,721300
307,856208
307,860049
307,858705
307,858451
311,80722
311,78750
315,579995
315,511451
323,868097
323,866753
323,866499
323,867350
324,850370
324,851221
324,765698
324,762453
326,746323
341,136518
341,135497
341,136477
342,474129
342,473500
345,799635
345,801684
345,799636
345,799637
346,305921
346,303692
346,304717
346,304088
346,305880
347,224259
347,223051
347,225239
347,223772
350,156628
350,159257
357,927107
357,928711
357,928712
357,928713
357,926801
357,926802
358,340993
358,340364
358,342156
358,343772
358,340701
359,408971
359,407055
359,408283
359,409308
359,407069
360,1019598
360,1019599
360,1019741
364,856065
364,856066
364,859354
365,727640
365,726233
365,728797
365,856065
365,859353
366,859352
370,367952
370,364881
370,365342
370,219717
370,220752
370,218704
370,219732
370,219733
374,995329
374,995471
374,506061
374,503822
374,504783
374,506522
375,995470
375,123915
375,122895
375,122896
375,125077
375,124506
386,191492
386,191493
386,189007
386,191191
386,188956
386,320513
386,320974
386,322127
386,320604
386,322076
387,386881
387,385485
387,385115
388,504769
388,506508
388,504275
388,506138
389,568850
389,631941
389,633362
390,122881
390,125062
390,124491
390,126675
390,124440
390,805380
390,803799
391,125061
391,124490
391,126674
391,124439
394,707421
396,1613
396,1628
400,415559
400,417422
400,413974
401,227464
401,229325
401,227479
407,534991
407,533968
409,104261
409,102415
413,868175
414,389768
414,389400
414,390237
414,223434
422,433808
422,430549
423,627528
424,104922
428,1022109
428,1019933
428,852059
428,852701
431,683930
438,406341
438,407696
438,405841
438,408466
438,405977
443,462348
443,460237
443,462484
450,283
454,283394
454,285828
454,285832
455,856706
455,856077
455,428609
455,426120
456,334210
456,334214
456,333383
456,554817
456,555207
456,554380
457,898373
457,900491
457,675403
457,1023429
458,225284
