time_hop: 0.032
landmark_count: 259
17,919768
17,919833
17,920921
17,918938
21,689876
21,689941
21,689110
26,208655
26,208720
26,208274
26,208282
26,207963
26,555346
26,556690
26,555288
26,555864
26,553754
27,71502
27,71567
27,71121
27,71129
27,70810
41,188481
41,192131
41,192139
41,191820
41,191390
41,191006
41,798785
41,799873
41,802050
42,806081
42,196162
42,196170
42,195851
42,195421
42,195037
42,874625
43,1011669
43,1011670
43,365441
43,365761
43,365703
43,366279
44,163848
44,167625
44,167195
44,166811
44,422150
44,422726
44,446406
44,442886
44,531078
44,531654
44,529544
52,167617
52,167187
52,166803
53,147026
53,146642
64,1003521
116,734595
116,733189
117,1019266
118,458115
118,454917
118,592069
119,825986
121,416001
121,414594
121,416323
121,415875
122,299330
122,302978
122,301582
124,321740
124,293516
142,11
142,23
152,1003673
153,12
165,24
165,25
177,1014942
177,1015774
178,740430
189,1
189,14
189,980
190,13
190,979
203,966
203,916
206,271874
206,273090
207,956547
207,957531
207,1009947
208,370001
208,186497
208,187665
209,65486
209,62608
210,834326
210,832472
210,835550
223,58562
223,58065
223,58066
223,60562
223,60569
224,670529
224,670017
224,668936
225,138767
225,138768
225,458063
232,750792
232,753629
234,896006
234,894733
234,894734
234,894802
240,411157
240,102401
240,104897
240,104904
240,104913
240,103829
240,830229
241,104903
241,104912
241,103828
241,7
241,16
247,1007617
247,1007685
248,1007684
248,9
248,29
257,20
261,746715
261,746589
286,977603
286,975109
286,974933
288,824321
288,827266
288,827286
288,826135
288,823512
289,891777
289,890434
289,890258
289,891797
289,892119
290,815124
290,818069
290,815446
291,995152
307,981714
307,982931
307,979093
307,979102
310,818049
310,815426
310,816335
311,742849
312,97540
312,94477
312,836493
313,504710
313,506439
313,503820
316,46089
319,564358
320,411077
320,412378
320,255066
325,894145
325,894403
325,894412
326,971010
326,971019
328,987145
337,987610
345,721166
345,722517
346,323667
346,326677
359,738631
359,738641
359,738520
363,1015824
365,330690
365,328919
365,331224
366,823306
366,827281
367,258582
376,827271
376,823388
376,823389
383,815317
383,815318
388,407809
388,407772
389,293082
389,294875
389,115610
404,827393
404,827540
404,830100
405,827539
405,830099
415,173825
415,173137
415,172181
416,290128
416,287315
416,289172
424,839578
424,839515
424,838172
424,738714
424,738651
424,737308
431,552343
431,549658
432,242947
432,244804
432,242003
432,243484
435,326736
435,324370
435,324121
436,181519
450,831425
450,830082
450,831431
450,831434
450,831371
451,826049
451,823302
451,823305
451,827338
451,263874
451,263625
452,738629
452,738632
452,738569
453,376583
453,374025
454,509315
454,511176
457,823299
457,827332
460,827329
460,357890
