time_hop: 0.032
landmark_count: 428
6,782339
6,782915
6,785028
6,785224
6,783881
6,786122
6,785360
6,783765
6,631748
6,630788
6,633412
6,630982
6,631944
6,634312
6,632080
6,634650
6,634204
6,451329
6,450818
6,453252
6,451908
6,453765
6,452747
6,454476
6,453392
6,382785
6,382274
6,383618
6,384708
6,384132
6,381125
6,384203
6,381836
6,384848
6,383317
6,383446
6,218242
6,218756
6,217094
6,218827
6,217941
6,218070
6,729923
6,730499
6,732612
6,731652
6,731846
6,732808
6,729610
6,732944
6,731418
6,112262
7,503297
7,500291
7,502148
7,501191
7,502859
7,501529
7,501083
8,469378
8,468034
8,469891
8,470602
8,469518
8,468826
8,471006
8,291906
8,291330
8,292419
8,293764
8,291401
8,292046
8,294611
8,294740
8,293598
9,785025
9,785221
9,783878
9,786119
9,785357
9,783762
9,783261
9,821509
9,820166
9,822407
9,821645
9,820050
9,819549
10,360961
10,364039
10,361672
10,360588
10,363153
10,363282
10,362076
10,324673
10,326018
10,323655
10,325384
10,324300
10,326865
10,326994
10,325852
10,695554
10,692420
10,694788
10,693318
10,692556
10,695126
10,694680
10,630978
10,631940
10,634308
10,632076
10,634646
10,634200
10,1005701
10,1003720
10,1006985
10,1006924
10,1003668
10,1006932
10,538242
10,537476
10,539144
10,537814
10,537368
10,539548
11,396294
11,393927
11,396939
11,395408
11,395537
11,394331
12,644034
12,646402
12,644932
12,644170
12,646740
12,646294
12,218821
12,217935
12,218064
12,221018
14,705410
14,704648
14,707218
14,706772
14,595784
14,594258
14,597908
15,882881
15,881924
15,881863
15,884620
15,881871
15,884119
16,765190
16,763595
16,763094
17,329409
17,328325
17,330890
17,331019
17,329877
17,327901
18,1019073
18,1019012
18,1019852
18,1019020
18,441284
18,438676
18,440860
19,966595
19,965256
19,963339
19,966603
19,964755
22,961221
22,959304
22,958472
22,960720
22,961438
22,715274
22,715993
22,715101
22,371205
22,371334
22,370128
22,372312
27,270465
27,273419
27,271443
27,270366
27,873795
27,876043
27,872665
27,876058
28,281482
28,279506
28,282525
28,280222
30,960712
30,961430
30,960727
30,960733
32,618050
32,615119
32,618323
32,617493
32,616597
32,615957
32,616792
32,616733
34,587908
34,586893
34,586001
34,589267
34,588371
34,588566
34,588507
38,465032
38,464207
38,463311
38,463506
38,465748
38,465111
38,463447
38,840398
38,839695
38,839701
38,205843
46,342987
46,340684
46,340047
47,662660
47,661830
47,660294
47,660634
51,605378
51,604482
51,603842
51,604677
51,604618
52,888129
52,888135
52,886229
52,888413
53,552259
53,552200
53,491715
53,493957
53,491656
53,839686
53,842132
53,839964
53,713044
56,506050
56,507845
57,272129
57,271492
58,388483
58,386819
59,842126
59,839958
72,1015297
73,981128
73,735112
81,859611
81,859613
81,859614
108,821825
108,819202
108,819203
108,819404
108,821836
109,604043
109,726465
109,726466
109,726667
109,725003
110,819201
110,819402
110,821834
111,819401
111,821833
113,15
113,16
128,1
144,171088
144,168656
144,171612
145,439881
145,440155
145,439387
154,542354
154,540946
154,544274
154,543768
154,541848
160,107020
160,215948
170,887298
170,887687
170,887753
172,786821
172,786887
172,789786
172,746501
172,746567
172,749466
172,142549
172,650758
172,648602
172,559878
172,557958
172,510148
172,511494
172,509574
176,390466
176,391453
176,389854
177,811074
177,813973
177,811419
177,811228
178,478620
178,476317
178,616340
178,617501
178,614749
179,818003
179,815449
179,815258
183,1019219
183,1015834
183,1019483
183,1019675
183,1015836
183,1015837
193,88778
193,87307
193,88791
193,88792
198,738822
198,738631
198,739785
202,971463
202,971016
202,971208
202,971465
202,971466
203,13
203,14
204,839489
204,835933
204,169601
205,823836
206,435969
209,1019457
209,1019649
209,1015810
209,1015811
210,987585
210,987586
210,999681
210,999682
211,1015809
216,1
216,1621
216,30
217,1620
217,29
233,860101
233,860103
237,104322
237,104905
238,851970
271,1011153
282,99144
282,98449
282,98388
282,101086
285,857859
285,859273
285,856274
285,492547
285,495235
285,494468
285,494212
285,493006
285,492238
285,557059
285,559747
285,558729
285,557518
285,560846
285,593411
285,592003
285,590985
285,593870
285,593102
285,661955
285,659529
285,662414
285,661646
285,740233
285,738249
288,558726
288,557515
288,560843
288,973263
288,470273
288,470017
288,469249
288,468811
288,468043
289,420161
289,419658
289,404033
289,355649
290,154953
290,154892
294,666437
294,799817
299,110531
299,109133
302,105098
