time_hop: 0.032
landmark_count: 193
6,130561
6,130693
6,130132
6,130461
6,130462
6,65985
6,66117
6,65556
6,65885
6,65886
7,642305
7,94340
7,97875
7,98204
7,98205
7,98206
11,105935
11,106264
11,106265
11,106266
26,65865
26,65866
26,65867
26,66460
35,86017
35,86018
35,86611
36,86017
36,86610
37,86609
54,590539
54,590551
54,125718
54,813771
54,811211
54,811981
54,813720
65,727692
65,729037
65,824066
65,825805
65,634892
65,636237
66,405706
76,44428
76,44435
77,636225
88,7
88,342
95,335
110,21851
127,529537
127,817793
127,815694
135,956870
135,955356
135,957405
135,999708
135,1001757
137,108942
137,109851
137,110428
141,852503
151,909
151,1486
151,23
163,1019866
164,888014
164,888015
164,888537
164,725261
164,726670
164,726671
164,57921
164,60554
164,58835
164,60572
165,96841
165,95122
165,96859
174,18
177,742785
177,742786
177,743308
177,440129
178,831489
178,832011
179,832010
189,868251
192,1238
214,79491
214,80727
216,856074
216,244865
216,241930
216,245387
216,365569
216,366986
216,366105
216,366173
217,431169
217,430616
217,430684
217,431388
217,431964
217,185481
217,184842
217,186781
217,674049
217,672472
217,673948
218,559703
218,559771
218,560475
218,561051
218,503255
218,503323
218,499931
218,500507
226,261505
227,219677
237,1225
237,1875
237,22
241,719567
241,716879
241,718674
241,718227
241,462916
241,463620
241,464196
241,463375
241,465371
245,467403
245,469399
245,513867
245,515851
245,550155
245,552139
246,78474
246,80717
246,80729
256,121027
256,121039
256,118938
256,120347
256,722691
256,722244
259,12
259,839233
259,836289
259,837149
259,835934
259,838174
260,807709
260,809949
260,807646
260,881500
260,884381
260,884318
268,363721
268,363728
268,360918
268,364375
268,363095
268,327433
268,326031
268,327440
268,324630
268,323991
268,326807
271,27
277,309894
277,307207
277,308493
277,307854
277,310670
277,308637
282,128385
283,218497
283,217864
284,308486
284,307847
284,310663
284,308630
288,936769
288,936706
289,860097
289,739073
290,392577
290,391297
290,389264
291,348943
